Column1,Column2,Column3,Column4,Column5,Column6,Column7,Column8,Column9,Column10,Column11,Column12,Column13,Column14,Column15,Column16,Column17,Column18,Column19,Column20,Column21,Column22,Column23,Column24,Column25,Column26,Column27,Column28,Column29,Column30,Column31,Column32,Column33,Column34,Column35,Column36,Column37,Column38,Column39,Column40,Column41,Column42,Column43,Column44,Column45,Column46,Column47,Column48,Column49,Column50,Column51,Column52,Column53,Column54,Column55,Column56,Column57,Column58,Column59,Column60,Column61,Column62,Column63,Column64,Column65,Column66,Column67,Column68,Column69,Column70,Column71,Column72,Column73,Column74,Column75,Column76,Column77,Column78,Column79,Column80,Column81,Column82,Column83,Column84,Column85,Column86,Column87,Column88,Column89,Column90,Column91,Column92,Column93,Column94,Column95,Column96,Column97,Column98,Column99,Column100,Column101,Column102,Column103,Column104,Column105,Column106,Column107,Column108,Column109,Column110,Column111,Column112,Column113,Column114,Column115,Column116,Column117,Column118,Column119,Column120,Column121,Column122,Column123,Column124,Column125,Column126,Column127,Column128,Column129,Column130,Column131,Column132,Column133,Column134,Column135,Column136,Column137,Column138,Column139,Column140,Column141,Column142,Column143,Column144,Column145,Column146,Column147,Column148,Column149,Column150,Column151,Column152,Column153,Column154,Column155,Column156,Column157,Column158,Column159,Column160,Column161,Column162,Column163,Column164,Column165,Column166,Column167,Column168
0.0,17653.9795383,19470.6795503,3467.8379282,16871.9148809,6044.0654001,15717.0065293,17382.1913796,17787.4541811,8163.2623529,1896.8292252,14029.5535321,8731.3221678,12705.9805813,1158.8550005,7172.1941993,16157.8319432,2455.0788399,4126.6716307,3499.6820102,6118.4482273,922.1402054,18759.7899532,13134.7842083,1123.3375389,970.6961059,8517.3692257,14013.1752519,16019.291184,8268.3275982,6388.176073,6340.7427094,17349.9451012,8263.6114194,3883.2876247,13382.6031139,6219.7847315,17424.5046392,10494.2024146,8539.4110786,2191.7629527,18306.5165907,4305.340725,7383.8900512,5421.0800062,3887.0866046,8297.6579766,13246.623386,8879.7340133,14960.7607977,16965.6019178,18298.8352343,4961.6748609,7433.2762796,6622.9236224,3571.3101031,2920.9693915,11524.4494611,18838.9220295,5281.51591,12190.1902252,5607.0482582,4487.919734,9449.5034967,19902.3621873,15841.8554137,13306.5882155,7959.0381953,8104.4396044,16303.4280664,8303.2214322,7309.7401307,3375.7182758,7131.2180538,10121.2961733,1069.1397606,10815.0210275,1760.2380209,4159.4765978,12230.1455742,14869.4132538,7693.0936233,5468.8255518,17353.2945217,7267.1922035,2765.8345207,11094.1075143,9290.1705155,2884.443014,10083.3732627,12105.8557847,10819.6449374,10606.0246774,18801.4871524,4739.2904923,14627.4993242,17832.3413732,19300.3829906,16977.5021795,2327.8217904,10065.8512958,9879.9100786,14154.713858,5507.9938127,3157.9743891,19498.5836024,6737.4210171,15248.8499737,2913.2368401,15413.6858658,2550.1833366,11827.311303,17656.6818928,15779.5219483,11728.1998367,16166.7155576,4962.9594754,12478.7465182,14741.8600354,2861.6217725,11717.7249171,14137.9282353,11239.0981353,3145.7766819,8093.9269256,1466.3132503,1106.8208113,11024.794361,18344.8741547,19061.901903,4772.0777999,12815.7982657,17796.3960899,2931.1562565,15398.5671938,14031.521748,15955.0273228,15513.4510446,11384.4612413,3986.3851644,14922.5442503,3665.189216,3146.2523315,13095.9424028,8178.8546528,18608.5275303,18941.1651471,16335.9248906,6995.5280849,12175.6910984,14207.1269479,18872.7709651,10339.5488667,6046.3626258,11167.7136005,15086.4648124,8783.7669305,6745.3700241,11015.0921313,1749.6866243,15896.079066,18804.9156907,7756.805466,13155.1498362,18523.5558667,2113.7876751,11669.1764418,3505.2999548
17653.9795383,9.5e-5,2101.6442663,16777.5558412,2940.9354944,15692.7608798,2856.2593712,720.3481503,4225.9162601,13694.9308131,15780.0177889,5728.0325774,9457.0430975,9546.6536349,16896.615679,12724.7808229,6261.1910881,16330.6398303,13756.5843901,18826.2686051,11605.049883,18575.5756744,1812.876358,7828.4782916,18495.209769,16862.6837797,12507.6516041,8285.9307599,1718.0192406,9431.5847005,14635.1090605,14158.9383272,2697.8639082,9424.1237644,18458.4994816,5747.3085043,15879.3776609,4387.3403773,7367.7426775,9178.231287,18621.8869755,1098.577183,18043.4701453,13110.0957187,14110.506172,16741.992719,10508.32177,9130.699095,12720.5308829,6741.0863889,4850.9838599,2522.7504884,16562.3239523,11189.0043059,13256.8238098,15161.1270729,16534.842212,8181.8315901,3581.2513368,17138.3804808,9824.5938045,12548.7376883,14933.0915876,8238.1930105,2375.7859386,1976.6505591,4347.8053031,10685.5366894,12392.8438304,5642.3086445,10588.4969427,12004.6688846,18986.6365028,10620.0501521,8800.7924938,16828.4375695,9523.0830061,18591.9254259,17259.9157352,10187.1769993,2905.3099696,13441.9937572,12430.3220712,1657.5126819,15012.6428842,18437.415201,9627.4696814,8409.9868778,17328.5746572,12137.6937544,5607.8270915,6848.290776,7548.8954387,1160.8572345,17680.1979438,4796.6147175,2696.278087,1728.0050611,3568.1375046,17142.4485576,12224.9947399,12476.3581234,6795.6342043,16756.4865713,14634.249741,2454.4778176,11788.6707872,7106.4666522,16081.4059888,5605.5070026,15126.5496075,5953.5460633,2117.2924016,6589.3982864,9917.7382056,5394.3941774,12844.7716497,8918.2527884,3927.6222457,17233.5924349,6014.518305,3624.8326266,8513.5081211,17001.293726,10901.6374065,18345.2912112,18336.3829219,9340.2372478,1669.5886632,1780.4445105,14138.0388973,9520.1937313,3411.9017119,17566.0611598,2258.8047717,4734.5370138,4294.8491574,6098.6537853,11001.508212,14650.8322698,7415.0477212,16036.0524908,19242.3336173,5316.9366642,9771.4810441,3810.9678622,1607.0907788,2961.0595015,10658.4896118,5514.2448499,4282.8137354,1760.5681829,11624.3255397,13354.197105,8298.6363428,5375.0247062,10628.3771235,13452.9876661,8029.8007905,18740.8297187,5482.1318106,2773.3276407,14520.709675,4518.8858862,1948.1308232,19256.6556405,6350.2514949,14148.8515738
19470.6795503,2101.6442663,0.0,16251.0695182,3465.1563978,14534.9407891,3774.2955485,2239.5164218,2201.7460146,12414.6914849,17850.1521755,5480.7236288,11342.1083767,7466.6421912,18964.1975919,13330.7594891,4214.7665923,17929.0738443,15387.848561,16916.8190317,13472.4018707,19272.7810431,715.0269101,7443.5560554,19399.4846235,18963.8000162,11258.4384787,6498.2959769,3804.2498141,11349.9541091,14213.6991585,13354.2074185,3005.8406036,11365.7710252,16371.2475305,6909.8799043,14309.1842212,2470.4896462,9058.4913511,11066.6818456,18375.5131821,1263.3298361,16118.8479008,12295.4687087,14131.4662098,15892.7346483,11176.5608227,7213.0779442,11718.7773197,5642.3488326,3637.8136586,1222.0874445,15626.0445487,12796.6308111,13883.462704,16753.3092176,16675.4195261,8906.0966632,1594.3087893,15063.5364673,7858.3524719,13875.019118,15063.2935347,10337.2361509,456.2013744,4024.8705436,6418.0600157,11512.0277928,12460.5104904,4293.4866692,11990.9458714,12201.510324,17020.3625412,12448.5947948,10161.8660002,18404.9566864,9715.3192896,18809.0838102,15790.9633962,8119.1213444,4745.1461923,12118.3062506,14487.2542787,2767.2494525,12935.044936,17802.6140889,9474.4852743,10511.1204057,17712.1144135,10437.9594784,7708.8355039,8939.1715522,8892.0673232,1072.7560051,15617.0000879,4854.3067406,1677.7189096,387.9076143,3493.4244928,17302.631013,10137.484849,10581.4331283,6416.4947968,14692.7393083,16732.3160489,352.8579916,12733.2630991,5005.2970147,16613.5769828,4275.2387513,17203.9617735,8038.4610943,1814.0252967,4702.5368903,8184.4868189,3661.3861154,14580.1141254,8123.5488913,4735.8549844,17729.1463682,8113.0522613,5710.2666446,8292.3852792,17442.4168457,11389.2278111,19125.7823257,19465.8432724,9507.2431916,1869.0780803,437.6471058,14720.61044,7419.6940061,2747.9846097,17672.1578499,4309.7951887,5440.7758792,4498.6775113,5089.52327,9059.2075242,16298.2635763,5574.821812,15946.3937818,17143.5591722,7016.9089363,11793.59095,1830.6112669,591.8335873,3918.8396964,12700.7568785,7615.2032812,5277.4319535,611.430348,10234.2965215,14388.0398901,9222.6081195,4498.4560921,11620.6557438,12889.6386459,8462.6172968,18796.4259166,4696.4255672,886.8529118,12442.6595535,6616.5319681,947.2558288,18355.400592,7853.3446024,16170.7353107
3467.8379282,16777.5558412,16251.0695182,0.0,19699.9601337,7431.4437969,13937.8089194,16057.2355579,14399.4751555,9203.6550011,4792.8194299,11143.2188691,11839.6952641,10068.8328952,4618.0537494,10354.1924483,13917.5392947,5887.9808318,4891.1116029,4155.5752912,7181.0616397,3176.7699122,15871.7372325,15358.057579,3779.8517278,4364.2040926,5059.6124763,13194.5686049,16632.4145718,9195.7983251,8659.5627743,2897.8931765,19254.3612539,9282.0492581,3365.8315938,16825.3147868,6931.320913,13983.6259665,10442.3115267,9320.9144459,4444.5703632,16146.7131523,4661.5277745,3961.283702,2705.2303,594.3525531,6455.2532693,12109.7577439,10332.1860514,15683.5404785,16851.7112342,15108.3638558,6692.7164069,10856.1452949,9802.051009,7035.8637398,1064.0957443,14881.0064611,15952.7967866,4749.913558,9174.5132053,5294.264416,1999.0970202,11338.6981994,16450.0246558,16802.7900856,14190.1901075,6393.0361053,10882.4067013,16129.336232,11766.0918052,4807.3984357,3971.0007227,7905.9518828,13574.034274,3189.3250524,13753.5975421,4220.7666799,1714.3749194,10489.9447553,14534.8107303,4275.9101798,8426.8579251,18416.3101077,5363.2572819,4805.8317159,13662.1428654,11277.4914851,5689.406408,10049.2936847,13793.4959399,12365.2884719,9782.0309281,17000.9544631,4469.0646917,12014.4016762,14717.5071573,16506.6123662,19068.3915419,1249.1987879,7801.2138868,9290.2186257,16339.0459176,3992.9393871,6162.5586787,16065.4247247,5478.2884903,12663.8278784,1742.3042884,11977.1387341,5294.3372418,13843.8582112,14979.3972671,14284.4334635,8411.3130101,12708.9453928,5822.822987,14073.9012352,12878.3456981,5740.1754699,13557.6160751,15611.5313254,8309.4917734,6018.7186251,5984.5448644,4213.2165841,3927.4781582,13942.23449,18057.8914103,16156.6114941,3063.2548009,10424.9490218,18179.0605985,5545.0660415,15567.7768133,12071.0250547,18959.1926974,16315.2015109,10416.5913681,7453.3783951,13769.1777795,928.7997793,3287.2850233,16088.0810365,11009.1611455,15854.4768529,16213.9438511,19305.639705,8674.5805127,13709.3380088,12589.0821315,16005.5488328,10991.0839063,9421.208451,14598.9178971,11822.4638684,12198.7126368,3434.8723572,8775.7105602,4087.4309028,17071.4496944,15383.6178706,5758.3941636,14384.0857522,15601.4954876,3863.0415417,11064.5157575,5708.6424155
16871.9148809,2940.9354944,3465.1563978,19699.9601337,0.0,12884.3311336,5788.6964713,3661.0622698,5358.3326021,11072.2486665,15475.4224893,8558.4071125,8405.6400637,9820.299544,15716.7474858,10019.732341,5976.5766365,14466.5174378,15168.5366847,16165.168258,12858.5927115,17192.6811652,3831.5902497,4953.892527,16591.6891311,15959.2675047,14684.0767604,6859.1815018,3194.0235411,10800.7607522,11694.1842689,16812.7692812,484.3955805,10722.8526237,16892.8035735,3494.4609024,13345.1016839,5763.5046321,9442.4936108,10658.9894091,15927.7886069,3553.7109673,15627.6087661,15746.8050697,17037.390377,19273.6489999,13320.525312,7928.6008284,9963.8318441,4471.3514519,3154.487564,4598.0850038,13647.9241368,9460.4169666,10571.7561842,13310.764795,18996.9497093,5490.329042,3837.8762248,15462.1729858,10665.4251204,14643.0796349,17791.5998503,8738.7786103,3281.4222889,3052.8338602,5731.4824887,13406.2653648,9484.8605308,3910.734188,8568.7883709,14930.6973344,16350.9099766,12092.8131031,6753.5807813,17083.2024961,6614.512892,16153.4166134,18362.3307084,9504.1528205,5269.0494821,15489.23703,11812.0829397,1321.2952298,14675.7683562,15560.7609394,6687.5072557,8812.6122529,14684.7435721,10126.6026868,6227.9184369,7658.950551,10043.5116394,2699.7234897,15774.7144093,7691.9426681,4985.6516267,3201.8434957,987.0178847,18999.7569047,12157.3424265,10841.6809948,3955.1797455,16129.3539529,14099.2037229,3660.6938328,14361.2279861,7209.3030966,18302.6260284,7740.3826105,14950.6006095,6219.4444326,4720.6455361,5678.5129891,11375.524933,7032.9050031,14222.1022273,6198.4431881,6852.3939461,14634.0013222,6486.5461639,4347.0877272,11393.9904297,14355.4709469,13774.336623,16159.7061025,16442.7991758,6424.6687418,1644.9259728,3549.3075644,16787.1437541,9492.8675406,1722.9412396,14828.0422499,4253.7609562,7660.2067965,1363.5245197,3826.7785694,9662.305821,12885.8677681,6239.4993695,18899.2669397,17028.3371919,4105.9481432,9195.7168924,3949.576717,3489.3194289,741.8757502,11409.0903235,6294.4579174,7156.231943,3698.3165984,9235.1610791,10944.6770196,5763.9641655,7880.7196383,8164.9189994,16265.222447,10957.3764543,16286.6256381,3080.7379595,4337.651851,14261.3031093,5572.1027324,4101.0094363,16505.8798045,8765.297223,14474.9553011
6044.0654001,15692.7608798,14534.9407891,7431.4437969,12884.3311336,0.0,18307.5954461,16348.5597945,13547.1618576,2120.2518321,7365.0882258,16704.0568529,10339.3645123,9240.5119896,5988.7965141,4890.998188,10814.5431518,5270.077017,10143.3777631,3281.4534469,11816.8941995,5355.5138004,15241.7555729,7930.4579098,4928.2244552,6273.1707679,10078.6018468,8178.1603208,15831.6165954,13670.9638139,1917.6144719,9440.9584904,13037.3330888,13588.4472667,4192.0348794,11184.8678025,1151.7565524,13791.7244302,16224.6215124,14005.7224912,3853.4385916,15671.5818077,2830.9669552,10301.4673338,10133.0564971,7268.9127813,13854.6130493,7711.8799192,2972.7363406,9031.2124186,11009.017816,15309.6331853,1120.3284262,8140.5998512,4603.9448182,5703.6612817,7838.8940444,8570.5011016,13024.9169277,3396.6109965,9866.7491247,11638.7757607,9389.0576359,13309.2767653,14083.7555899,15533.3237862,16347.3238396,13695.8528508,4211.9675482,10281.0650481,8017.6039819,12218.3750547,3467.6703251,12844.2041661,9230.476953,7102.4444156,6767.3247913,4283.8557113,6256.0617614,7542.2818477,17831.5555731,9218.3619658,9071.7548561,14201.6863755,5410.9978919,3280.6380799,6349.5069356,13064.6032578,3562.8129606,4324.2546377,14829.5456751,14560.2321705,16646.7744982,14833.4365613,3307.3335002,17592.7199407,15667.3334192,14702.2125292,12141.4605629,7238.9452975,7092.5210178,4628.682127,8938.4671441,4748.1042216,7811.8602376,14301.9233345,12576.4999458,10644.2891314,8294.5786518,14575.6537296,7879.3146654,14177.5666055,16243.3955303,10008.1927482,10748.4555132,13733.9947591,10895.4808181,6774.6266631,19036.9035146,3671.9851453,14447.9914999,15403.5599107,14921.1917286,3516.1285046,13414.901147,4592.1800932,4938.8645102,6901.7104907,14031.8671008,14965.1631646,10242.7360188,8852.6059979,12317.066931,3334.5578698,16799.6454126,18940.5123145,11528.8378196,9651.1998537,6105.5085689,6082.0773289,9121.3708321,8274.1663431,4145.075573,12610.1253204,10834.2168676,12802.3951749,15087.166467,13115.6646424,11999.0461502,15104.1850836,19614.0223602,15146.3692413,4302.1105289,5371.524732,8775.7414497,15610.6235682,7092.3778232,10303.7548174,16106.1379517,4304.1108665,10225.3621527,14586.2423383,5690.5791701,15789.8925551,15422.4742016,4083.9845553,17578.468965,8996.2766582
15717.0065293,2856.2593712,3774.2955485,13937.8089194,5788.6964713,18307.5954461,9.5e-5,2144.1217026,4886.170081,16187.9742114,14370.1344643,3272.4346847,10307.0391088,9662.9023605,15751.5058137,15059.3619329,7580.57886,16309.434258,11623.106366,17963.6910549,9892.3125518,16366.9633092,3066.0893014,10675.9808813,16826.616043,15480.369376,10346.8553613,10158.8949309,3322.8597426,7935.7607363,17464.1767934,11526.7191146,5552.3190074,7997.0899915,16783.2314151,8143.1460711,17818.5582976,4709.7783564,5443.1547021,7613.318673,17902.0380862,2671.0174987,17971.2550229,10541.3073371,11255.2410736,13976.2885159,7698.0687972,10696.7725969,15431.6254701,9328.6388644,7333.853178,3034.1692043,19383.1699366,12441.9333361,15509.0100639,15636.840194,13706.6580694,10740.5574913,5286.3319025,16859.5738926,9324.8637657,10113.4039,12080.7600325,7823.3985471,4226.7525939,3679.5249294,4127.4320736,7928.90757,15121.5254937,8043.6789174,12253.6485325,9148.7279632,17804.0666464,8858.731608,10711.0508833,14654.2377832,12291.49592,17475.5303815,14782.6874662,11099.0726097,2084.0796271,11279.0831959,12248.6814283,4479.8009926,14394.5241849,18469.0641818,12474.1956152,8055.8424083,18085.1504141,14064.2680746,5749.8235732,6438.3336485,5119.5388944,3550.9927187,17229.1956711,2228.9034519,2717.5954196,3619.8323064,6407.0054343,14340.2932164,12119.3106233,13935.1963518,9636.832794,15618.1770959,13802.7313097,4005.9749896,9097.2618588,7897.2550275,13324.9272296,4480.7889839,13828.9273047,6339.7994205,2081.7281131,8328.6790316,8777.2887667,5025.42466,10861.9020233,11682.0140075,1074.925208,17957.171255,6180.5717024,4484.8726617,5822.3704042,18036.846556,8058.7171786,17173.4594417,16823.5339638,12121.3825069,4446.8606879,3346.0687621,11348.6641846,9933.5023176,6100.9555134,18364.2623435,2685.9089678,1879.2559845,7148.0508777,8725.749277,12405.2909619,15182.5214463,9216.5261089,13180.2429594,17130.0652042,7104.6809287,10094.6960667,5510.6958242,3228.9938004,5713.3218684,9537.8833645,5521.142052,1521.3249066,3162.9528378,14005.5121479,15134.9473195,10706.1839287,3679.5786169,12795.5066714,10737.9108269,5173.5967072,17445.8581652,8197.1949733,3746.1452812,13994.6334813,4606.1896842,2886.7530758,17597.9964129,4141.5085936,12710.4420799
17382.1913796,720.3481503,2239.5164218,16057.2355579,3661.0622698,16348.5597945,2144.1217026,0.0,4156.4020251,14301.7708196,15615.9042862,5039.8303097,9756.2619706,9473.1124819,16874.633571,13384.2297074,6451.1125932,16608.6071276,13314.5791687,19137.9893951,11263.7829892,18243.4943181,1731.3333502,8532.9980499,18431.6309312,16756.498882,11917.8382488,8671.7798132,1953.6503957,9120.1082785,15355.0823844,13471.9880507,3408.73584,9130.9859331,18213.2957525,6379.2594286,16412.7094028,4229.273006,6913.7922458,8844.4753959,19067.6512785,993.239731,18355.109138,12432.987051,13393.6383427,16033.5714938,9821.8756842,9440.0501613,13378.7644301,7339.0172258,5398.7938339,2275.5573079,17264.6114674,11612.5108097,13907.0523348,15502.0026574,15844.2133245,8861.0536423,3820.9176948,17225.2511997,9599.2142,11998.1603753,14224.8790973,8189.6687406,2611.0452382,2283.523744,4229.1374537,10020.0674756,13106.7722954,6167.6982543,11096.4655282,11289.0442513,19200.0302709,10252.2013757,9344.4143955,16425.7042503,10238.862834,18828.1677264,16637.0282807,10335.401797,2514.1516648,12859.6963958,12526.3173967,2374.3415289,14873.7488213,19094.6763618,10346.8534189,8380.8353918,17884.4860643,12584.6306312,5637.6763627,6769.2164342,6968.2573046,1569.1274561,17783.2934504,4089.958154,2325.264882,1926.4522668,4265.6537098,16468.0067272,12147.2159005,12808.8962933,7495.8878304,16545.2050071,14609.3920051,2574.0960047,11148.8498371,7163.364024,15427.0956222,5144.9451509,14977.0287949,6059.1725472,1631.2766637,6911.8853679,9537.0730669,5098.5535505,12439.2585963,9585.6783985,3218.1579067,17770.9980996,6063.3648037,3770.9017984,7805.1363406,17573.7159313,10199.774701,18487.21843,18320.7926639,10057.3031984,2323.815507,1832.8077546,13464.4072713,9523.7998303,4032.5232707,18164.0041868,2130.9840919,4023.3679698,5013.4002125,6707.9966239,11294.5581009,14985.9543052,7768.5527967,15323.1114985,18930.7444341,5785.9269481,9944.1171307,4057.1333644,1658.8091777,3665.3457131,10468.0677638,5505.0417701,3597.7918064,1735.7525401,12185.491423,13922.4159031,8947.8491455,4797.8963896,11242.5517596,12748.1072587,7315.4392365,18936.0017214,6123.2517156,2707.6542358,14390.6338077,4491.4866841,1761.3217533,19477.4951855,5811.6961642,13931.2233856
17787.4541811,4225.9162601,2201.7460146,14399.4751555,5358.3326021,13547.1618576,4886.170081,4156.4020251,0.0,11558.1215158,18740.5482627,5049.1111606,13533.132403,5331.0872161,18903.7843225,14350.3788949,2740.9678382,18783.3330271,15854.0917768,14988.3605008,14687.0178698,17073.8756363,2442.0494354,8134.0607747,17352.009038,18748.605341,9345.1253304,5453.5696491,5943.5644901,12820.9163613,14010.9392325,11612.1811805,4874.0385979,12883.157375,14232.9800909,8848.9059521,12943.9594396,504.9888985,10298.3737204,12495.8132444,16764.1847273,3196.3783665,14251.8601826,10616.9111133,12915.75579,13934.2436268,10951.2927252,5835.6282946,11250.9619669,5792.3836926,4088.5766937,1961.3400336,14648.3388959,14817.9632145,14846.0116289,18341.5271839,15130.9573641,10439.2910482,1675.5953674,13069.4811683,5656.6123562,14115.33389,13807.2997166,12335.1376264,2160.281154,6192.6809636,8368.387781,11425.7354393,13037.8103643,4375.1183304,13884.6473911,11371.9462293,15045.4207796,13672.1377378,12096.7439673,17488.6612961,10719.081422,17088.1181732,13637.4605397,6299.7698465,6468.381144,10130.9675236,16655.6237527,4917.8475029,10787.9700772,16324.4604723,10169.3822581,12532.3667792,17094.7306803,9222.9525186,9787.829974,10907.8286687,9697.381502,3274.4667921,13627.1096117,4885.6978484,2176.4629826,2587.0129975,5053.3147944,15618.5559318,8011.8446301,9056.3472551,7243.0141615,12531.8193158,18683.647602,1875.5163882,12636.6169372,3070.7478951,15379.4289008,2820.0040233,18530.3892498,10173.183309,2898.2389357,3675.1960638,6060.2559004,1750.3375198,15390.0292841,8293.2779686,5529.4181651,17212.9411273,10208.3807373,7847.8705063,7471.1915619,17060.5189536,10945.1260461,17428.1605724,17511.4713827,10507.6242792,3941.0265306,2448.4795104,13929.5290321,5370.1628069,4072.817657,16822.3161271,6285.9544655,5999.3736981,6069.7521966,5451.2642353,7520.9854993,18093.702703,4528.7727079,14388.325632,15020.0488463,9181.9568813,13985.2048859,1700.2729278,2619.4323508,5938.6199294,14405.2824661,9661.2223313,6144.2971567,2471.6569628,9454.8440195,15721.9887185,10889.1649144,3571.9893888,13189.110535,11347.1834267,8294.7611438,16979.7891801,5391.5744317,1459.7822173,10296.577274,8647.8561085,2398.7544137,16411.6728034,8946.1086395,17472.9281982
8163.2623529,13694.9308131,12414.6914849,9203.6550011,11072.2486665,2120.2518321,16187.9742114,14301.7708196,11558.1215158,0.0,9442.4246337,15729.101685,10982.9344889,7962.4834517,8077.464383,5350.5021418,8819.2566212,7230.7886777,12261.3717725,5187.6849039,13827.8086333,7454.7589025,13121.8849359,6209.7175569,7045.4022283,8374.5333498,10618.8706065,6119.9584553,14225.262568,15455.3684337,2773.5073887,10679.0916349,11145.0076869,15337.2617618,5840.7008818,10158.7844704,2273.076962,11861.6651866,17971.9848201,15798.7195619,5971.8032432,13563.6408774,4560.1183515,11328.6045218,11827.9315116,8928.8147033,15627.1324843,5781.9099318,1252.4805824,6963.3701567,8915.3328065,13222.9516582,3224.396844,8905.5244784,5299.8991966,7445.623639,9767.602126,7739.8005649,10913.1663895,4610.9819988,8913.5062758,13747.8644769,11202.1686253,14333.3532515,11963.7078801,14005.8079442,15888.9608744,15595.2376848,4036.0900503,8172.224072,8428.9603133,13793.7072764,5371.8887768,14830.7349192,9117.9983527,9219.0432317,5772.703258,6403.0696961,7780.5176048,5993.4246824,16335.3174148,9923.6841197,10633.2904634,12348.8194178,5749.2681717,5398.1988458,5050.1441646,14094.7575094,5613.6270265,2473.6576652,14847.6102425,15221.4866015,18766.3795865,12752.9684966,4767.5044909,16201.5880022,13606.674401,12586.6565859,10232.9500334,9209.9117094,6419.645236,3177.4549789,7140.6394509,5804.8381054,9751.4945994,12184.0204687,14576.5663734,8836.2081413,10286.5417502,13106.5041671,9922.7158375,14222.1827179,14138.2524627,7939.9668572,10129.9342231,12046.9099626,12993.2672282,4873.8114839,17060.6496992,5709.6734779,14596.9213575,14507.971371,15295.4292629,5517.6176337,15082.3333708,6712.3651276,7058.7167988,5842.6647992,12026.2658773,12845.2023007,12174.5126741,7440.4756705,10284.2769984,5416.1882809,15287.2554265,17534.0032181,9766.4987512,7599.093571,4415.9037172,7734.0494317,7059.1440179,10102.622259,6001.1887487,11893.3326388,11793.5406069,10693.4642172,12968.7485171,11438.9725076,13732.1049822,15132.2550259,17657.5096968,13026.1189892,2183.5326797,6356.0915745,8141.3753295,14234.8629155,7147.6578514,11572.4927685,17092.9171291,6420.0491986,8218.8572879,12493.9112072,5836.0635655,15378.8415934,13306.2518101,6170.671339,19220.7766816,11029.1313912
1896.8292252,15780.0177889,17850.1521755,4792.8194299,15475.4224893,7365.0882258,14370.1344643,15615.9042862,18740.5482627,9442.4246337,0.0,13729.7030785,7078.5795683,14559.9288252,1381.8672998,6980.5611602,18007.0271707,2413.1216497,2965.1716048,5306.7506985,4485.9485436,2809.1005453,17289.1923024,13195.4617027,2815.9734789,1154.0668424,9742.6577056,15542.4673552,14122.9405016,6544.4744123,7170.4686613,7409.1723674,15948.1797517,6516.5000334,5779.2204836,12073.4202311,7783.7571496,18240.9144964,8940.5907594,6842.2218968,3723.8159818,16604.1673613,6102.5261174,8347.7452858,5921.9656533,5325.0767256,7808.6580169,14952.2850524,9895.4046475,15534.4315877,17225.3331062,17399.1810971,6244.7702116,6167.4592939,6487.4359856,2985.0672519,3915.9793938,10752.3740839,19276.4815896,7150.1884994,13904.3169204,4686.2848558,5063.2533188,7554.0471457,18152.1788114,13947.2648966,11439.198035,7348.131894,8288.0113041,16956.602488,7186.657986,7380.011317,5203.1369328,5520.5872012,8901.9661428,1607.8001366,10597.0844734,3314.3696968,5873.9720262,14101.2529527,13126.4901086,9040.9533462,3698.5088436,15582.7903996,9155.1309998,4261.7601486,11163.8589192,7393.397196,3830.3424931,11631.594738,10209.0265652,8932.446228,9339.0898684,16908.5254481,6600.0690346,13986.5541442,17024.2111728,17500.7671159,15975.240656,3543.7336062,11948.6365552,11600.5242162,14069.9532768,7398.8615183,1378.9663399,18189.9836779,6126.9150377,17139.0291838,3547.6948537,15935.4675396,654.3682824,9939.0565726,16451.3489909,17373.0571001,13196.7227309,17086.4454644,3559.3682206,13019.6462726,13570.6065259,3739.8699332,9821.8915202,12242.7525162,11269.6531793,3954.3982502,7798.5009231,2955.1034149,2711.0735884,10807.692949,16603.1225914,17447.3149568,4839.3112559,14705.5246231,16993.0551029,4032.0416054,13544.6419716,13002.5927324,15002.8598032,15881.9901929,13135.2389913,3179.6558812,16485.6325724,4624.8406459,5034.0152034,11430.295108,6388.1723064,19424.880091,17274.5902569,14806.3393416,5149.6281208,10280.7679454,12971.8615607,17329.6255624,11604.4041869,5591.298781,10253.7606323,15173.3921354,8032.1751334,7569.6131032,10490.7888686,3370.0975931,15916.3968314,18115.8917418,9642.8572431,11265.3548409,17196.3253263,3861.6983978,10229.5501988,1699.6601624
14029.5535321,5728.0325774,5480.7236288,11143.2188691,8558.4071125,16704.0568529,3272.4346847,5039.8303097,5049.1111606,15729.101685,13729.7030785,0.0,13018.6814761,7776.9207546,14783.2377438,18330.3633847,7520.8085681,16124.7535008,10806.5789529,14756.2648878,10054.5038514,14193.3777992,4882.2916794,12901.2792489,14807.0427573,14416.2336406,7074.7874829,10221.6459534,6577.9207398,8820.4012106,18461.4961327,8433.0186624,8198.6338588,8955.2493648,13538.8191467,11365.0389338,15558.1554273,4595.3678042,6371.1514427,8481.6230378,15587.7753695,5009.4820371,14703.9176899,7394.523153,8687.5647949,11023.3008221,5927.9055145,10214.7305606,15984.3198846,10788.2699239,8906.840187,4269.4147226,17031.0048641,15212.0505858,18736.5658867,16498.5939786,11265.3470564,13899.7985083,6382.6781258,13680.9096794,6938.7989633,9066.7406804,9609.6066056,9885.2615626,5874.9520227,6938.748057,6977.7973608,6381.8951765,17940.1361946,9355.325318,15332.5831118,6721.3851302,14621.4416377,9177.8663449,13947.6593633,13078.2256989,15143.5720994,15340.3525715,11627.3804763,9742.3471533,5159.2103454,8009.0408072,13663.5659573,7365.8734639,11373.8350946,15907.5929083,14950.2286028,10130.6032634,16798.0067593,13293.6412481,8534.2805759,8748.1914904,5222.3347741,5904.2856391,13983.5618498,1048.0210083,3804.9377784,5576.8874799,8888.4824984,11921.5061431,9652.1447859,12568.3202631,11889.4777675,12377.9431065,14014.5579441,5492.2502333,7604.2408171,7130.1807649,11133.6576697,2729.9771997,13502.5500088,9182.2913235,3859.7760513,8609.8134395,5959.266868,3944.8009623,10428.6557914,13320.766167,2625.8029816,16822.0742783,8921.1702751,7672.6391805,2849.0571447,17111.9102342,6004.9958935,15261.3464402,14917.46738,14942.7540625,6965.894235,5207.8709662,9266.4703207,8288.6358344,8228.0124092,16686.2853191,5938.2889157,2245.6347611,9822.3336038,10360.8202464,11336.2867151,16373.5635638,9381.0024736,10587.1278252,14001.9735808,10367.2662068,12424.1415087,6523.3485411,5203.9906113,8686.0089924,10531.6651628,8262.6341419,2938.3196346,5021.5282519,14074.3669117,17942.9829393,13942.9878398,1615.7285057,16060.0442699,7736.680571,3245.7444437,15216.745659,10110.8571797,4865.2966433,11051.7536814,7523.5335271,4604.129883,14993.4905363,5062.9597531,12556.6399082
8731.3221678,9457.0430975,11342.1083767,11839.6952641,8405.6400637,10339.3645123,10307.0391088,9756.2619706,13533.132403,10982.9344889,7078.5795683,13018.6814761,0.0,17762.9514575,7636.2135038,5653.4002488,14183.6439017,6879.1898562,7674.6540526,11049.9929103,6122.2526154,9459.2512634,11257.8685726,8565.0229444,9100.2688111,7760.9571864,16283.8118401,13452.9019536,7808.7844643,5571.382661,8549.0936678,14040.2618316,8872.5224803,5393.6297389,12094.1306466,5181.4189854,11468.323329,13799.8554268,7206.162214,5797.2845032,9311.7832864,10553.7525337,11559.6584214,14634.732181,11998.6801084,12393.5535901,10796.0940874,14363.6976668,10147.2137905,10754.3483812,10988.8714414,11975.621219,9771.4237358,2199.136684,5801.5146348,5745.8222996,10869.1633448,5168.8327382,12215.6737369,12811.197112,19031.5840345,8544.9566736,11467.1004776,3406.7883547,11383.2000451,7500.4940473,6194.6847674,10268.2614756,6991.7511671,11400.5846275,2572.4324753,12059.7248193,11070.194969,6204.5711565,2758.2362972,8683.4636537,6565.3805371,9152.069138,12889.6750123,15983.2985815,8223.5046486,15900.540377,3413.7322037,8622.6602848,15327.6530408,9494.172304,7618.1732541,3188.0152982,8264.8722505,12974.6943692,4575.2431122,4299.6265668,8662.9529112,10274.8729703,12323.9154864,12124.1490636,12081.3525115,10963.3749055,9031.9951607,10600.346794,17378.6169346,14027.6437176,8737.027464,13769.0061914,5699.6188395,11658.8905738,9810.5528673,15484.1477076,10334.2787073,14745.7848711,6546.8490232,3967.9979,11366.3652212,13456.9360071,18957.3326472,14844.6501478,7060.3380011,9697.0402257,10523.8217856,8129.3975736,4157.3636904,6030.4376918,13579.7804772,8025.5213637,11332.4815374,8888.4620621,8927.4154676,6664.857458,9620.5646571,11157.4257481,10602.32856,17128.2312728,10031.456625,8597.9814187,7848.7270052,10774.529497,8199.6608413,10511.8929642,14627.2590468,5229.7604622,13513.4644673,11482.3586483,11323.5819338,4370.9182691,1214.0864023,12347.0001812,11002.7175226,7727.8169522,4538.3516227,4824.5481824,10106.0946864,11186.3730471,11655.7533757,4973.2311192,4486.5123437,13969.609627,3997.5515812,13770.1288195,11640.8666928,9294.4831963,9987.6261978,12167.3984715,15760.4298804,5701.0208438,11404.9039519,9856.2257875,8238.0970341,6236.4047495
12705.9805813,9546.6536349,7466.6421912,10068.8328952,9820.299544,9240.5119896,9662.9023605,9473.1124819,5331.0872161,7962.4834517,14559.9288252,7776.9207546,17762.9514575,0.0,13629.0754921,13166.6765106,3848.7067305,13902.1820958,14573.5954997,9684.0883647,16174.7182948,11843.635973,7772.7312077,9217.439866,12031.4291702,13622.9445286,6015.866007,4322.6864853,11263.3776185,16319.8541921,10694.4438894,8192.2827942,9393.0762898,16488.0949639,8912.934467,12735.024404,8262.4524159,5251.5902327,14121.8032932,16024.0699472,11487.7036943,8526.6693822,8992.1218844,7665.3451127,10278.0456125,9482.1299828,11336.824524,3475.1729733,8481.8673408,7013.9126325,6953.0969827,7213.4641666,10107.5682854,16606.6806454,13224.2317357,14769.6766011,11105.7371717,12614.2420098,6235.313463,7766.71171,1389.915794,13764.7722524,10743.0488702,17484.4620319,7289.5307012,11491.2614663,13616.4071145,11889.5502782,11597.1935319,6454.9051158,15709.7258217,10222.048585,9726.9234469,15974.8334941,15030.919591,13043.1602858,11373.4725562,11772.2393393,8729.148979,2112.1831124,11596.5246194,6309.7069304,18073.0713258,9926.7596652,5469.2040175,11132.1771366,10337.7265098,17718.7056465,12200.4717377,5607.1882289,15110.45445,16091.1030105,12814.0747063,8516.6774346,8319.606766,8417.3825546,7276.2101537,7852.8042219,9054.3772155,11248.1652526,2680.8455154,4791.5681391,9027.059026,7226.153686,15860.5169174,7117.2289983,12459.8981874,2624.6344361,11710.7289291,5335.15111,15182.1607917,15500.1988193,8044.708145,4395.6189242,2902.2205459,4641.5232851,15239.8491089,8168.0074105,9826.7851117,12341.4002336,15536.0222959,13171.2092792,8134.0075829,12339.4057033,10850.6262556,12102.3235019,12185.4909471,11248.2487757,8907.9922724,7766.478806,11673.5802265,682.5450319,8111.7676995,11866.7814266,11589.2120208,9854.5857489,9774.1194629,7282.9048397,3696.7729241,15227.8634373,4259.6632019,10577.6124867,9696.3167016,13917.2244605,18922.031922,6053.9093781,7940.9272352,10548.2672433,17685.1697046,14965.1019927,10375.0730034,7801.5037527,6713.6501506,14316.9842362,13295.4171976,6395.3980385,14202.6184659,8525.487195,9993.2686054,11656.0118483,7847.6030358,6790.8675414,4976.7697376,13952.4743239,7712.3154148,11084.0147719,12839.8797755,15776.6554782
1158.8550005,16896.615679,18964.1975919,4618.0537494,15716.7474858,5988.7965141,15751.5058137,16874.633571,18903.7843225,8077.464383,1381.8672998,14783.2377438,7636.2135038,13629.0754921,0.0,6220.9628452,16677.1919727,1421.3130406,4242.4185108,4061.3015528,5866.5760306,1831.0527858,18601.7213622,12356.0552847,1604.6754006,367.1715274,9673.3315237,14162.9417214,15181.4961022,7902.127099,5920.2890007,7472.5750731,16197.033592,7865.697232,4716.4341748,12224.8985723,6409.0274103,18581.3674488,10321.3359253,8206.6302029,2378.2092118,17864.2308886,4834.5707448,8503.2908925,6397.3134069,5045.8023531,8884.4928654,13583.7106041,8592.8298027,14468.690835,16384.010927,18773.6434796,4868.6889345,6275.111032,5685.3302628,2444.1790935,3998.3027065,10438.4415809,18892.8384293,5960.143933,13248.952651,5906.9553405,5473.0250204,8695.5729054,18984.0102914,14948.5008587,12647.1759907,8474.658765,7322.6642324,15894.2949319,7148.7053294,8150.4437348,3981.7312139,6901.2494629,8963.9356869,1766.0278878,9893.7529081,1991.3860631,5275.3837308,12856.0081542,14441.4074032,8851.9401299,4480.69509,16244.6057438,8160.2262043,2896.9556861,10293.9672761,8511.9406565,2481.5316472,10250.2582962,11296.3609478,10109.6482964,10697.6743991,17892.2900045,5402.1145498,15198.5873542,18368.3720237,18576.8111167,15894.9261977,3445.0800044,10952.287755,10249.2142798,13328.9534509,6406.4379594,2273.8330219,19294.8195784,7237.9975734,16034.1883168,3875.1242723,16505.2920135,1957.8675254,10944.2776994,17833.036293,15993.5522854,12870.2831039,17324.3056152,4915.9142421,11928.8747856,14931.0162122,2403.7246867,10884.8927744,13273.568298,12107.7284541,2642.0970157,8778.2429305,1631.3102595,1461.6366093,10106.0344942,17204.9507238,18672.3793806,5568.2723682,13647.2148627,16805.4139589,2661.34085,14752.6123126,14329.0390566,14866.6954083,14927.6883077,11789.3870301,2837.075603,15105.7377478,4748.7780322,3935.1846754,11980.9794981,7170.916286,18715.6951892,18495.4883492,15179.0387901,6439.8805813,11403.997634,14339.0866219,18608.3617914,10249.6254271,4994.417085,10049.6400923,16034.69522,7684.3352614,7830.7747487,11611.2441322,2070.6474694,15155.4892253,19497.6418398,8652.609647,12411.3658463,18555.3957033,2609.7140343,11610.3356,3063.893142
7172.1941993,12724.7808229,13330.7594891,10354.1924483,10019.732341,4890.998188,15059.3619329,13384.2297074,14350.3788949,5350.5021418,6980.5611602,18330.3633847,5653.4002488,13166.6765106,6220.9628452,0.0,12355.9977321,4799.8443224,9667.0312799,6964.2710672,9815.9420149,7201.4191013,13826.5181458,6216.4810019,6587.722189,6576.9775442,14664.659961,9886.1767073,11765.0305428,10548.1854636,2987.0617439,13171.343633,10422.8851599,10389.0798983,8188.0479883,7013.0049702,6040.3715156,14852.5316765,12727.9130162,10862.6814735,5960.3344249,13555.6493541,7039.7736172,14232.5746046,12591.3694443,10547.6964206,14586.262631,10183.7262182,4685.7639184,8610.5397848,10271.0266889,14544.6637388,4700.1439221,3559.1121295,554.3866094,3996.3107215,10067.8257058,4557.5398742,12779.0122296,8049.5092395,14247.3263819,11359.8774572,11658.7541776,8983.9758681,12999.4206001,11402.8739236,11457.4419456,14045.1039664,1635.6106394,9996.0825341,3163.3219377,14340.5831472,7091.4011793,10518.0857022,4397.7239136,7986.9209556,3673.318754,6139.0199413,10049.6047097,11073.0216034,13194.1027242,13727.1427153,5903.9529807,11128.4396032,10293.1133567,5719.2002869,4189.2803586,8746.8214759,4676.5136996,7569.1302488,9958.8786541,9946.3672771,14091.1362166,12718.2573739,7758.7380916,17282.6024949,14972.98122,13155.1993523,9838.692732,9433.3011487,11727.41956,8488.7810572,7132.3795314,9362.0628383,6304.304037,13402.4701689,12931.637207,13089.0767419,10071.2167699,17140.0130968,7022.7531278,9302.6267447,14728.884878,11209.7228104,15463.3967973,15887.863114,9801.5155829,6225.9378483,15739.4382112,4617.3526677,9599.142731,10674.0447267,18234.6480396,4344.1717985,14716.9673781,6145.5311361,6451.3909061,3885.7529903,11655.8151502,13521.0083008,11762.1021428,12559.3419019,10630.6402459,4858.8723567,12392.7862466,16238.630042,8846.5030225,8903.4590535,9472.1313192,3878.9383012,10583.631798,10790.7245503,7688.4876501,7963.6896896,6453.3708702,12692.8474473,13487.3099829,9800.9462058,8941.272637,10239.9403115,15506.7165674,13688.9310303,6485.9944371,1486.8558563,4437.5636167,17811.5803656,2272.4868567,13788.8414217,16813.5550755,6277.2796967,8981.6322763,14086.0883319,10581.4032404,10901.8975186,14102.6574615,6584.6337125,13874.551979,7759.2868488
16157.8319432,6261.1910881,4214.7665923,13917.5392947,5976.5766365,10814.5431518,7580.57886,6451.1125932,2740.9678382,8819.2566212,18007.0271707,7520.8085681,14183.6439017,3848.7067305,16677.1919727,12355.9977321,0.0,16050.0095567,17911.4953301,12702.1043231,17427.0703927,15235.7367682,4768.8267637,6501.1743187,15191.3162872,16858.5617401,9489.554722,2743.6969622,7874.8109157,15491.5699735,11347.352092,11818.935633,5560.5824512,15531.0921401,12293.2995802,9002.3393754,10284.160897,3057.8228558,13019.8426808,15181.2880666,14302.4356744,5462.8098733,11904.9142407,11082.7094025,13736.1122137,13330.398078,13129.7809571,3116.217493,8583.6372565,3975.8384458,3199.9614931,4560.2061819,11923.8699076,14358.0250279,12740.529278,16052.3836165,14950.8341973,9586.7561411,2682.1270899,10877.2317367,4848.4955931,16340.1835752,14386.9053424,14427.3535806,3887.1078294,8016.6071802,10608.9704349,13672.8477352,10812.8210762,2900.8995552,13241.7033594,12922.5740571,12809.11846,16412.2193065,11823.4139337,16774.6155307,9117.3992751,14702.7199044,12523.4363908,3928.1939724,8937.3874706,9985.3036872,17478.2295131,6219.0305807,9010.7111747,13780.9245594,8303.3273177,14565.6084252,14375.0438986,6494.2200893,11761.0039396,13088.0334575,12424.8480593,5112.7355439,11422.4643998,7543.904665,4866.2839592,4555.3440562,5212.0428779,15086.2807996,6271.7237435,6428.1043283,5902.9640329,10739.2827306,18528.0617055,3877.0245268,14756.7818042,1301.8305528,15536.1567807,4887.9892052,18633.6424678,11961.4162104,5524.2602001,1147.282338,5960.6457854,3611.3963509,17909.7734653,6141.5258425,8269.346253,14486.4335225,12124.6946608,9713.2028644,9453.9042618,14321.5537172,12937.3743983,15063.4117627,15296.5765932,8926.2731819,5229.1454073,4619.7544634,15084.1703534,3534.36793,4263.4402177,14125.5725957,8510.3822257,8729.4338579,5987.7551279,3952.2142612,4887.8317741,16141.468598,1861.3099743,14391.3959779,13013.5920861,10068.5214527,15132.8780109,2456.99875,4792.515586,6709.6077878,16914.1078932,11715.0624388,8883.5024483,4734.3905676,6740.6244322,13842.7504533,10204.7499877,5921.2110617,12025.0831003,11942.5415191,10698.5980384,14641.0402139,4306.5997151,3885.6700133,8535.4329437,10752.1398357,4840.9428372,14145.3909107,11680.9542442,19620.0093312
